|country                         |total_cases    |total_deaths |
|--------------------------------|---------------|-------------|
|Afghanistan                     |245,988,981    |9,482,547    |
|Africa                          |14,616,886,098 |306,955,815  |
|Albania                         |355,635,062    |4,320,183    |
|Algeria                         |321,430,718    |8,409,268    |
|American Samoa                  |6,894,077      |28,209       |
|Andorra                         |49,036,941     |207,828      |
|Angola                          |114,441,477    |2,219,488    |
|Anguilla                        |3,572,140      |10,771       |
|Antigua and Barbuda             |8,957,640      |154,832      |
|Argentina                       |10,812,079,692 |161,350,498  |
|Armenia                         |515,749,237    |10,181,877   |
|Aruba                           |44,492,474     |295,867      |
|Asia                            |252,167,317,226|1,790,404,880|
|Australia                       |9,324,106,040  |18,034,759   |
|Austria                         |5,308,511,352  |25,176,950   |
|Azerbaijan                      |918,519,664    |11,514,202   |
|Bahamas                         |41,028,740     |928,279      |
|Bahrain                         |712,153,087    |1,849,571    |
|Bangladesh                      |2,354,357,374  |35,158,810   |
|Barbados                        |94,625,816     |535,680      |
|Belarus                         |1,100,835,696  |7,985,375    |
|Belgium                         |4,751,573,368  |43,290,916   |
|Belize                          |70,481,110     |790,792      |
|Benin                           |31,175,131     |202,043      |
|Bermuda                         |17,579,130     |163,391      |
|Bhutan                          |54,379,267     |18,963       |
|Bolivia                         |1,220,940,503  |27,792,304   |
|Bonaire Sint Eustatius and Saba |11,062,262     |41,978       |
|Bosnia and Herzegovina          |453,575,791    |18,695,486   |
|Botswana                        |342,089,337    |3,108,561    |
|Brazil                          |40,274,470,410 |845,533,502  |
|British Virgin Islands          |7,225,789      |65,850       |
|Brunei                          |245,025,520    |144,064      |
|Bulgaria                        |1,351,327,259  |42,517,430   |
|Burkina Faso                    |25,855,702     |449,478      |
|Burundi                         |51,054,980     |17,515       |
|Cambodia                        |150,470,493    |3,306,720    |
|Cameroon                        |147,987,814    |2,377,676    |
|Canada                          |4,665,470,344  |57,278,070   |
|Cape Verde                      |70,327,478     |494,211      |
|Cayman Islands                  |28,060,774     |32,706       |
|Central African Republic        |18,917,072     |150,648      |
|Chad                            |9,132,587      |262,092      |
|Chile                           |5,071,673,512  |69,873,310   |
|China                           |59,789,650,705 |79,278,696   |
|Colombia                        |7,459,792,950  |173,349,663  |
|Comoros                         |9,766,017      |202,313      |
|Congo                           |29,060,905     |450,748      |
|Cook Islands                    |5,782,940      |1,381        |
|Costa Rica                      |1,208,420,282  |10,401,369   |
|Cote d'Ivoire                   |103,139,690    |944,498      |
|Croatia                         |1,308,075,128  |19,492,829   |
|Cuba                            |1,194,102,200  |9,292,322    |
|Curacao                         |46,595,589     |316,089      |
|Cyprus                          |597,523,424    |1,340,166    |
|Czechia                         |4,853,321,180  |50,455,402   |
|Democratic Republic of Congo    |107,581,669    |1,788,259    |
|Denmark                         |3,189,166,514  |8,572,618    |
|Djibouti                        |19,830,359     |240,275      |
|Dominica                        |14,792,550     |70,221       |
|Dominican Republic              |737,424,053    |5,841,089    |
|East Timor                      |25,406,762     |145,220      |
|Ecuador                         |1,129,532,178  |44,808,267   |
|Egypt                           |597,657,337    |29,913,871   |
|El Salvador                     |216,443,932    |5,054,695    |
|England                         |0              |0            |
|Equatorial Guinea               |20,268,816     |233,325      |
|Eritrea                         |11,433,902     |106,685      |
|Estonia                         |595,256,509    |3,041,614    |
|Eswatini                        |81,278,870     |1,667,378    |
|Ethiopia                        |576,867,536    |8,901,249    |
|Europe                          |236,756,684,151|2,361,106,039|
|European Union (27)             |171,330,559,623|1,427,055,363|
|Falkland Islands                |1,582,404      |0            |
|Faroe Islands                   |32,391,024     |26,950       |
|Fiji                            |72,061,702     |918,130      |
|Finland                         |1,315,927,764  |8,563,226    |
|France                          |35,276,866,268 |197,522,787  |
|French Guiana                   |100,523,548    |460,068      |
|French Polynesia                |82,952,177     |728,384      |
|Gabon                           |56,580,610     |358,686      |
|Gambia                          |14,897,504     |444,858      |
|Georgia                         |1,848,108,631  |18,365,088   |
|Germany                         |33,383,624,547 |190,391,817  |
|Ghana                           |205,995,995    |1,723,658    |
|Gibraltar                       |20,400,875     |136,291      |
|Greece                          |4,684,036,377  |37,489,440   |
|Greenland                       |11,269,560     |18,921       |
|Grenada                         |18,191,399     |240,023      |
|Guadeloupe                      |187,988,462    |1,103,724    |
|Guam                            |49,529,225     |445,185      |
|Guatemala                       |1,216,081,464  |22,689,871   |
|Guernsey                        |30,258,274     |66,364       |
|Guinea                          |46,803,066     |529,269      |
|Guinea-Bissau                   |10,695,842     |204,752      |
|Guyana                          |74,949,866     |1,409,632    |
|Haiti                           |39,704,793     |1,011,506    |
|High-income countries           |393,562,796,886|3,303,895,414|
|Honduras                        |543,796,642    |13,403,430   |
|Hong Kong                       |0              |0            |
|Hungary                         |2,273,887,439  |55,158,506   |
|Iceland                         |187,751,042    |162,936      |
|India                           |52,079,485,202 |636,656,068  |
|Indonesia                       |7,173,893,604  |183,035,743  |
|Iran                            |8,497,242,171  |175,336,887  |
|Iraq                            |2,866,612,600  |32,083,884   |
|Ireland                         |1,682,470,680  |10,364,137   |
|Isle of Man                     |35,658,250     |129,483      |
|Israel                          |4,690,246,037  |14,041,253   |
|Italy                           |23,516,696,786 |226,781,854  |
|Jamaica                         |162,293,596    |3,667,782    |
|Japan                           |24,572,158,686 |60,353,535   |
|Jersey                          |59,890,918     |173,761      |
|Jordan                          |1,882,412,756  |16,659,044   |
|Kazakhstan                      |1,632,354,780  |21,854,725   |
|Kenya                           |396,818,156    |6,828,974    |
|Kiribati                        |3,985,166      |17,195       |
|Kosovo                          |292,633,052    |3,950,526    |
|Kuwait                          |753,310,139    |3,235,121    |
|Kyrgyzstan                      |92,963,301     |1,074,173    |
|Laos                            |204,029,128    |638,329      |
|Latvia                          |910,524,179    |7,591,821    |
|Lebanon                         |1,327,975,384  |12,754,307   |
|Lesotho                         |38,259,127     |822,789      |
|Liberia                         |9,139,185      |363,489      |
|Libya                           |567,271,215    |7,449,390    |
|Liechtenstein                   |19,991,699     |103,297      |
|Lithuania                       |1,295,043,016  |10,598,164   |
|Low-income countries            |2,161,458,124  |50,805,016   |
|Lower-middle-income countries   |100,873,065,026|1,385,814,325|
|Luxembourg                      |351,498,408    |1,107,840    |
|Macao                           |0              |0            |
|Madagascar                      |79,183,757     |1,633,870    |
|Malawi                          |100,075,789    |3,103,245    |
|Malaysia                        |5,022,590,588  |38,732,392   |
|Maldives                        |194,933,162    |357,806      |
|Mali                            |36,180,956     |906,200      |
|Malta                           |117,669,365    |945,740      |
|Marshall Islands                |11,360,511     |12,162       |
|Martinique                      |206,231,737    |1,099,516    |
|Mauritania                      |69,834,153     |1,221,370    |
|Mauritius                       |270,056,038    |1,012,335    |
|Mayotte                         |45,751,019     |242,541      |
|Mexico                          |7,898,943,675  |421,274,105  |
|Micronesia (country)            |17,763,598     |43,794       |
|Moldova                         |663,306,072    |13,923,422   |
|Monaco                          |15,551,763     |71,194       |
|Mongolia                        |1,005,076,439  |2,260,525    |
|Montenegro                      |264,785,851    |3,036,965    |
|Montserrat                      |1,130,020      |7,246        |
|Morocco                         |1,454,640,647  |19,800,811   |
|Mozambique                      |256,098,263    |2,557,805    |
|Myanmar                         |701,872,757    |21,898,862   |
|Namibia                         |192,449,394    |4,577,838    |
|Nauru                           |3,945,644      |764          |
|Nepal                           |1,166,084,850  |14,275,973   |
|Netherlands                     |8,470,265,208  |29,685,633   |
|New Caledonia                   |69,936,978     |318,807      |
|New Zealand                     |1,820,980,916  |2,438,814    |
|Nicaragua                       |18,282,538     |325,885      |
|Niger                           |11,174,056     |390,866      |
|Nigeria                         |324,553,353    |4,011,026    |
|Niue                            |540,564        |0            |
|North America                   |127,073,670,231|1,880,636,077|
|North Korea                     |0              |0            |
|North Macedonia                 |381,198,503    |11,611,680   |
|Northern Cyprus                 |0              |0            |
|Northern Ireland                |0              |0            |
|Northern Mariana Islands        |12,457,804     |37,862       |
|Norway                          |1,411,704,339  |4,800,837    |
|Oceania                         |11,598,053,992 |23,933,802   |
|Oman                            |477,196,210    |5,679,850    |
|Pakistan                        |1,884,393,752  |37,897,009   |
|Palau                           |5,244,815      |7,437        |
|Palestine                       |780,961,161    |6,745,812    |
|Panama                          |1,089,572,142  |10,843,012   |
|Papua New Guinea                |49,020,061     |695,196      |
|Paraguay                        |803,025,772    |22,443,911   |
|Peru                            |4,798,383,499  |283,137,819  |
|Philippines                     |4,391,958,517  |71,443,995   |
|Pitcairn                        |2,972          |0            |
|Poland                          |7,008,760,719  |137,161,833  |
|Portugal                        |5,275,549,212  |31,122,683   |
|Puerto Rico                     |1,066,325,876  |6,211,102    |
|Qatar                           |543,978,921    |864,973      |
|Reunion                         |441,518,696    |901,380      |
|Romania                         |3,532,839,734  |76,882,485   |
|Russia                          |22,717,049,874 |430,102,745  |
|Rwanda                          |145,645,603    |1,644,536    |
|Saint Barthelemy                |5,291,270      |5,143        |
|Saint Helena                    |1,462,156      |0            |
|Saint Kitts and Nevis           |6,352,002      |44,944       |
|Saint Lucia                     |29,380,806     |418,107      |
|Saint Martin (French part)      |12,099,420     |53,666       |
|Saint Pierre and Miquelon       |2,897,618      |1,521        |
|Saint Vincent and the Grenadines|9,811,249      |120,104      |
|Samoa                           |13,680,980     |24,972       |
|San Marino                      |22,914,109     |157,850      |
|Sao Tome and Principe           |7,150,320      |90,485       |
|Saudi Arabia                    |1,005,122,733  |12,612,341   |
|Scotland                        |0              |0            |
|Senegal                         |105,109,281    |2,391,736    |
|Serbia                          |2,537,274,167  |19,115,639   |
|Seychelles                      |50,550,187     |182,564      |
|Sierra Leone                    |9,637,858      |170,078      |
|Singapore                       |2,117,561,745  |1,674,891    |
|Sint Maarten (Dutch part)       |11,332,270     |105,022      |
|Slovakia                        |1,855,857,206  |23,592,103   |
|Slovenia                        |1,261,712,371  |10,271,320   |
|Solomon Islands                 |19,794,878     |149,656      |
|Somalia                         |31,807,229     |1,591,866    |
|South Africa                    |4,691,316,718  |123,711,549  |
|South America                   |73,484,570,403 |1,646,924,372|
|South Korea                     |25,657,640,953 |29,376,266   |
|South Sudan                     |21,508,669     |184,926      |
|Spain                           |14,292,242,359 |149,531,749  |
|Sri Lanka                       |738,068,457    |17,886,269   |
|Sudan                           |75,735,729     |5,767,803    |
|Suriname                        |86,293,234     |1,522,968    |
|Sweden                          |2,870,333,251  |28,404,300   |
|Switzerland                     |4,174,014,301  |17,407,231   |
|Syria                           |64,496,546     |3,675,930    |
|Taiwan                          |0              |0            |
|Tajikistan                      |24,357,815     |172,969      |
|Tanzania                        |42,491,573     |906,765      |
|Thailand                        |4,528,880,357  |33,256,722   |
|Togo                            |42,911,177     |334,414      |
|Tokelau                         |32,406         |0            |
|Tonga                           |13,613,132     |10,218       |
|Trinidad and Tobago             |181,161,698    |4,314,857    |
|Tunisia                         |1,233,087,680  |33,612,483   |
|Turkey                          |17,595,151,920 |114,536,586  |
|Turkmenistan                    |0              |0            |
|Turks and Caicos Islands        |7,063,050      |43,041       |
|Tuvalu                          |1,810,966      |414          |
|Uganda                          |191,464,248    |4,055,323    |
|Ukraine                         |5,831,855,363  |120,261,427  |
|United Arab Emirates            |1,197,317,960  |2,924,891    |
|United Kingdom                  |24,768,373,218 |277,603,206  |
|United States                   |105,914,483,457|1,302,221,334|
|United States Virgin Islands    |23,650,662     |138,214      |
|Upper-middle-income countries   |218,037,426,784|3,265,564,653|
|Uruguay                         |1,028,742,111  |8,530,455    |
|Uzbekistan                      |174,386,139    |1,061,292    |
|Vanuatu                         |9,927,890      |11,739       |
|Vatican                         |38,344         |0            |
|Venezuela                       |622,580,724    |6,711,975    |
|Vietnam                         |10,248,819,451 |43,284,117   |
|Wales                           |0              |0            |
|Wallis and Futuna               |2,628,550      |8,724        |
|Western Sahara                  |0              |0            |
|World                           |715,697,182,101|8,009,960,985|
|Yemen                           |13,973,284     |2,616,582    |
|Zambia                          |373,633,130    |4,706,341    |
|Zimbabwe                        |276,100,322    |6,380,213    |
